{
 "cells": [
  {
   "cell_type": "code",
   "id": "initial_id",
   "metadata": {
    "collapsed": true,
    "ExecuteTime": {
     "end_time": "2024-09-17T13:56:56.890265Z",
     "start_time": "2024-09-17T13:56:56.879275Z"
    }
   },
   "source": [
    "import jax.numpy as jnp\n",
    "import numpy as np\n",
    "import matplotlib.pyplot as plt\n",
    "from bayesian_sde_solver.utils import insert\n",
    "\n",
    "\n",
    "solver_name = \"EKF1_2\"\n",
    "problem_name = \"FHN_calibrated\"\n",
    "prefix = f\"{solver_name}_{problem_name}\"\n",
    "folder = \"./\"\n",
    "\n",
    "N = 50\n",
    "delta = 1 / N\n",
    "fineN = int(N ** 1.0)\n",
    "T = 1\n",
    "Ndeltas = T / delta\n",
    "no_samples = 2\n",
    "\n",
    "euler_parabola_ode_sols=jnp.load(f'{folder}/{prefix}_pathwise_sols4_parabola_ode_{N}_{fineN}.npy')\n",
    "fine_em = jnp.load(f'{folder}/{prefix}_pathwise_sols2_{N}_{fineN}.npy')\n",
    "low_res_em = jnp.load(f'{folder}/{prefix}_pathwise_sols3_{N}_{fineN}.npy')\n",
    "mean = jnp.load(f'{folder}/{prefix}_mean_pn_{N}_1.npy')\n",
    "var = jnp.load(f'{folder}/{prefix}_var_pn_{N}_1.npy')"
   ],
   "outputs": [],
   "execution_count": 25
  },
  {
   "metadata": {},
   "cell_type": "markdown",
   "source": "",
   "id": "88de6af314497d1f"
  },
  {
   "metadata": {
    "ExecuteTime": {
     "end_time": "2024-09-17T13:56:41.448667Z",
     "start_time": "2024-09-17T13:56:41.420768Z"
    }
   },
   "cell_type": "code",
   "source": "var",
   "id": "ab8ff5cd2b212993",
   "outputs": [
    {
     "data": {
      "text/plain": [
       "Array([[[ 8.89708288e-04,  0.00000000e+00,  5.55589394e-11,\n",
       "          0.00000000e+00],\n",
       "        [ 0.00000000e+00,  0.00000000e+00,  0.00000000e+00,\n",
       "          0.00000000e+00],\n",
       "        [ 5.55589394e-11,  0.00000000e+00,  8.89708055e-04,\n",
       "          0.00000000e+00],\n",
       "        [ 0.00000000e+00,  0.00000000e+00,  0.00000000e+00,\n",
       "          0.00000000e+00]],\n",
       "\n",
       "       [[ 1.77941623e-03,  1.00572404e-08, -2.35716585e-10,\n",
       "         -2.83021286e-08],\n",
       "        [ 1.00572404e-08,  5.68434121e-14, -7.32809284e-16,\n",
       "         -1.59963311e-13],\n",
       "        [-2.35716585e-10, -7.32809284e-16,  1.77941588e-03,\n",
       "         -2.85909185e-09],\n",
       "        [-2.83021286e-08, -1.59963311e-13, -2.85909185e-09,\n",
       "          4.54747405e-13]],\n",
       "\n",
       "       [[ 2.66912323e-03,  0.00000000e+00, -3.84923510e-10,\n",
       "         -1.74196515e-08],\n",
       "        [ 0.00000000e+00,  0.00000000e+00,  0.00000000e+00,\n",
       "          0.00000000e+00],\n",
       "        [-3.84923510e-10,  0.00000000e+00,  2.66912417e-03,\n",
       "          2.51214810e-15],\n",
       "        [-1.74196515e-08,  0.00000000e+00,  2.51214810e-15,\n",
       "          1.13686851e-13]],\n",
       "\n",
       "       [[ 3.55883222e-03, -1.42230867e-08,  0.00000000e+00,\n",
       "          3.08144834e-08],\n",
       "        [-1.42230867e-08,  5.68434189e-14, -8.47762031e-16,\n",
       "         -1.23151936e-13],\n",
       "        [ 0.00000000e+00, -8.47762031e-16,  3.55883222e-03,\n",
       "          7.87074672e-09],\n",
       "        [ 3.08144834e-08, -1.23151936e-13,  7.87074672e-09,\n",
       "          2.84217149e-13]],\n",
       "\n",
       "       [[ 4.44854191e-03,  0.00000000e+00, -2.48467136e-10,\n",
       "          0.00000000e+00],\n",
       "        [ 0.00000000e+00,  0.00000000e+00,  0.00000000e+00,\n",
       "          0.00000000e+00],\n",
       "        [-2.48467136e-10,  0.00000000e+00,  4.44854191e-03,\n",
       "          0.00000000e+00],\n",
       "        [ 0.00000000e+00,  0.00000000e+00,  0.00000000e+00,\n",
       "          0.00000000e+00]],\n",
       "\n",
       "       [[ 5.33825345e-03,  3.48393172e-08, -5.44364387e-10,\n",
       "         -3.85034333e-08],\n",
       "        [ 3.48393172e-08,  2.27373648e-13, -3.55271347e-15,\n",
       "         -2.51286947e-13],\n",
       "        [-5.44364387e-10, -3.55271347e-15,  5.33825019e-03,\n",
       "         -5.89138738e-09],\n",
       "        [-3.85034333e-08, -2.51286947e-13, -5.89138738e-09,\n",
       "          2.84217121e-13]],\n",
       "\n",
       "       [[ 6.22796034e-03,  0.00000000e+00, -5.87980664e-10,\n",
       "          0.00000000e+00],\n",
       "        [ 0.00000000e+00,  0.00000000e+00,  0.00000000e+00,\n",
       "          0.00000000e+00],\n",
       "        [-5.87980664e-10,  0.00000000e+00,  6.22795941e-03,\n",
       "          0.00000000e+00],\n",
       "        [ 0.00000000e+00,  0.00000000e+00,  0.00000000e+00,\n",
       "          0.00000000e+00]],\n",
       "\n",
       "       [[ 7.11767003e-03,  0.00000000e+00,  1.25715560e-09,\n",
       "          5.53162849e-08],\n",
       "        [ 0.00000000e+00,  0.00000000e+00,  0.00000000e+00,\n",
       "          0.00000000e+00],\n",
       "        [ 1.25715560e-09,  0.00000000e+00,  7.11766863e-03,\n",
       "         -1.32984868e-08],\n",
       "        [ 5.53162849e-08,  0.00000000e+00, -1.32984868e-08,\n",
       "          4.54747351e-13]],\n",
       "\n",
       "       [[ 8.00738204e-03, -4.26692850e-08,  2.00012273e-09,\n",
       "          4.76200093e-08],\n",
       "        [-4.26692850e-08,  2.27373675e-13, -1.57447145e-14,\n",
       "         -2.53754808e-13],\n",
       "        [ 2.00012273e-09, -1.57447145e-14,  8.00737645e-03,\n",
       "          2.85830759e-09],\n",
       "        [ 4.76200093e-08, -2.53754808e-13,  2.85830759e-09,\n",
       "          2.84217121e-13]],\n",
       "\n",
       "       [[ 8.89708288e-03, -8.99547103e-08,  1.40554235e-09,\n",
       "          0.00000000e+00],\n",
       "        [-8.99547103e-08,  9.09494702e-13, -1.42108547e-14,\n",
       "          0.00000000e+00],\n",
       "        [ 1.40554235e-09, -1.42108547e-14,  8.89708288e-03,\n",
       "          0.00000000e+00],\n",
       "        [ 0.00000000e+00,  0.00000000e+00,  0.00000000e+00,\n",
       "          0.00000000e+00]],\n",
       "\n",
       "       [[ 9.78679024e-03,  4.71726374e-08,  7.37072570e-10,\n",
       "          0.00000000e+00],\n",
       "        [ 4.71726374e-08,  2.27373621e-13,  6.36442176e-15,\n",
       "          0.00000000e+00],\n",
       "        [ 7.37072570e-10,  6.36442176e-15,  9.78678837e-03,\n",
       "          0.00000000e+00],\n",
       "        [ 0.00000000e+00,  0.00000000e+00,  0.00000000e+00,\n",
       "          0.00000000e+00]],\n",
       "\n",
       "       [[ 1.06764995e-02,  4.92702235e-08,  0.00000000e+00,\n",
       "          0.00000000e+00],\n",
       "        [ 4.92702235e-08,  2.27373675e-13, -2.93673396e-15,\n",
       "          0.00000000e+00],\n",
       "        [ 0.00000000e+00, -2.93673396e-15,  1.06764976e-02,\n",
       "          0.00000000e+00],\n",
       "        [ 0.00000000e+00,  0.00000000e+00,  0.00000000e+00,\n",
       "          0.00000000e+00]],\n",
       "\n",
       "       [[ 1.15662077e-02,  5.12820755e-08,  0.00000000e+00,\n",
       "         -5.73279273e-08],\n",
       "        [ 5.12820755e-08,  2.27373675e-13,  0.00000000e+00,\n",
       "         -2.54179680e-13],\n",
       "        [ 0.00000000e+00,  0.00000000e+00,  1.15662068e-02,\n",
       "          9.06730691e-10],\n",
       "        [-5.73279273e-08, -2.54179680e-13,  9.06730691e-10,\n",
       "          2.84217013e-13]],\n",
       "\n",
       "       [[ 1.24559142e-02,  5.32179278e-08, -8.31530012e-10,\n",
       "         -5.94724874e-08],\n",
       "        [ 5.32179278e-08,  2.27373730e-13, -1.30688205e-14,\n",
       "         -2.54096359e-13],\n",
       "        [-8.31530012e-10, -1.30688205e-14,  1.24559160e-02,\n",
       "          1.79125881e-09],\n",
       "        [-5.94724874e-08, -2.54096359e-13,  1.79125881e-09,\n",
       "          2.84217230e-13]],\n",
       "\n",
       "       [[ 1.33456197e-02, -5.50857742e-08, -1.72143044e-09,\n",
       "         -6.15305424e-08],\n",
       "        [-5.50857742e-08,  2.27373675e-13,  1.03887964e-14,\n",
       "          2.53975280e-13],\n",
       "        [-1.72143044e-09,  1.03887964e-14,  1.33456243e-02,\n",
       "          2.65443423e-09],\n",
       "        [-6.15305424e-08,  2.53975280e-13,  2.65443423e-09,\n",
       "          2.84217094e-13]],\n",
       "\n",
       "       [[ 1.42353261e-02,  0.00000000e+00, -8.88942808e-10,\n",
       "         -6.35113437e-08],\n",
       "        [ 0.00000000e+00,  0.00000000e+00,  0.00000000e+00,\n",
       "          0.00000000e+00],\n",
       "        [-8.88942808e-10,  0.00000000e+00,  1.42353289e-02,\n",
       "          3.49727336e-09],\n",
       "        [-6.35113437e-08,  0.00000000e+00,  3.49727336e-09,\n",
       "          2.84217040e-13]],\n",
       "\n",
       "       [[ 1.51250344e-02,  0.00000000e+00, -9.16301313e-10,\n",
       "          0.00000000e+00],\n",
       "        [ 0.00000000e+00,  0.00000000e+00,  0.00000000e+00,\n",
       "          0.00000000e+00],\n",
       "        [-9.16301313e-10,  0.00000000e+00,  1.51250381e-02,\n",
       "          0.00000000e+00],\n",
       "        [ 0.00000000e+00,  0.00000000e+00,  0.00000000e+00,\n",
       "          0.00000000e+00]],\n",
       "\n",
       "       [[ 1.60147380e-02, -1.20686863e-07,  0.00000000e+00,\n",
       "         -6.72710030e-08],\n",
       "        [-1.20686863e-07,  9.09494702e-13, -7.19349930e-15,\n",
       "          5.06953420e-13],\n",
       "        [ 0.00000000e+00, -7.19349930e-15,  1.60147455e-02,\n",
       "          5.12591480e-09],\n",
       "        [-6.72710030e-08,  5.06953420e-13,  5.12591480e-09,\n",
       "          2.84217094e-13]],\n",
       "\n",
       "       [[ 1.69044435e-02, -6.19969782e-08,  0.00000000e+00,\n",
       "          0.00000000e+00],\n",
       "        [-6.19969782e-08,  2.27373675e-13,  3.69530913e-15,\n",
       "          0.00000000e+00],\n",
       "        [ 0.00000000e+00,  3.69530913e-15,  1.69044547e-02,\n",
       "          0.00000000e+00],\n",
       "        [ 0.00000000e+00,  0.00000000e+00,  0.00000000e+00,\n",
       "          0.00000000e+00]],\n",
       "\n",
       "       [[ 1.77941583e-02,  1.27215145e-07, -9.93868321e-10,\n",
       "         -7.08005530e-08],\n",
       "        [ 1.27215145e-07,  9.09494702e-13, -7.10542736e-15,\n",
       "         -5.06171873e-13],\n",
       "        [-9.93868321e-10, -7.10542736e-15,  1.77941620e-02,\n",
       "          6.68483668e-09],\n",
       "        [-7.08005530e-08, -5.06171873e-13,  6.68483668e-09,\n",
       "          2.84217176e-13]],\n",
       "\n",
       "       [[ 1.86838638e-02, -6.51783623e-08,  0.00000000e+00,\n",
       "         -7.24907991e-08],\n",
       "        [-6.51783623e-08,  2.27373675e-13,  3.88493313e-15,\n",
       "          2.52883001e-13],\n",
       "        [ 0.00000000e+00,  3.88493313e-15,  1.86838638e-02,\n",
       "          7.44036166e-09],\n",
       "        [-7.24907991e-08,  2.52883001e-13,  7.44036166e-09,\n",
       "          2.84217176e-13]],\n",
       "\n",
       "       [[ 1.95735730e-02,  6.67121824e-08,  0.00000000e+00,\n",
       "         -5.77744430e-09],\n",
       "        [ 6.67121824e-08,  2.27373675e-13,  0.00000000e+00,\n",
       "         -1.96911376e-14],\n",
       "        [ 0.00000000e+00,  0.00000000e+00,  1.95735693e-02,\n",
       "          1.56453925e-08],\n",
       "        [-5.77744430e-09, -1.96911376e-14,  1.56453925e-08,\n",
       "          1.42108547e-14]],\n",
       "\n",
       "       [[ 2.04632860e-02,  0.00000000e+00, -2.13161022e-09,\n",
       "          6.99482428e-08],\n",
       "        [ 0.00000000e+00,  0.00000000e+00,  0.00000000e+00,\n",
       "          0.00000000e+00],\n",
       "        [-2.13161022e-09,  0.00000000e+00,  2.04632804e-02,\n",
       "          7.13138171e-09],\n",
       "        [ 6.99482428e-08,  0.00000000e+00,  7.13138171e-09,\n",
       "          2.41584530e-13]],\n",
       "\n",
       "       [[ 2.13529821e-02,  0.00000000e+00, -2.17745599e-09,\n",
       "          7.15001534e-08],\n",
       "        [ 0.00000000e+00,  0.00000000e+00,  0.00000000e+00,\n",
       "          0.00000000e+00],\n",
       "        [-2.17745599e-09,  0.00000000e+00,  2.13529877e-02,\n",
       "          6.80279078e-09],\n",
       "        [ 7.15001534e-08,  0.00000000e+00,  6.80279078e-09,\n",
       "          2.41584530e-13]],\n",
       "\n",
       "       [[ 2.22426988e-02,  1.42230860e-07,  0.00000000e+00,\n",
       "          0.00000000e+00],\n",
       "        [ 1.42230860e-07,  9.09494702e-13, -1.69552398e-14,\n",
       "          0.00000000e+00],\n",
       "        [ 0.00000000e+00, -1.69552398e-14,  2.22426988e-02,\n",
       "          0.00000000e+00],\n",
       "        [ 0.00000000e+00,  0.00000000e+00,  0.00000000e+00,\n",
       "          0.00000000e+00]],\n",
       "\n",
       "       [[ 2.31324062e-02,  7.25237896e-08,  2.26636843e-09,\n",
       "          8.03332370e-08],\n",
       "        [ 7.25237896e-08,  2.27373675e-13, -5.86283680e-15,\n",
       "          2.51857535e-13],\n",
       "        [ 2.26636843e-09, -5.86283680e-15,  2.31324062e-02,\n",
       "         -1.10090026e-08],\n",
       "        [ 8.03332370e-08,  2.51857535e-13, -1.10090026e-08,\n",
       "          2.84217176e-13]],\n",
       "\n",
       "       [[ 2.40221173e-02,  0.00000000e+00,  2.30954145e-09,\n",
       "         -7.59554766e-08],\n",
       "        [ 0.00000000e+00,  0.00000000e+00,  0.00000000e+00,\n",
       "          0.00000000e+00],\n",
       "        [ 2.30954145e-09,  0.00000000e+00,  2.40221173e-02,\n",
       "         -5.84273874e-09],\n",
       "        [-7.59554766e-08,  0.00000000e+00, -5.84273874e-09,\n",
       "          2.41584530e-13]],\n",
       "\n",
       "       [[ 2.49118041e-02,  0.00000000e+00, -4.70384176e-09,\n",
       "         -7.73803208e-08],\n",
       "        [ 0.00000000e+00,  0.00000000e+00,  0.00000000e+00,\n",
       "          0.00000000e+00],\n",
       "        [-4.70384176e-09,  0.00000000e+00,  2.49118190e-02,\n",
       "         -5.53096280e-09],\n",
       "        [-7.73803208e-08,  0.00000000e+00, -5.53096280e-09,\n",
       "          2.41584476e-13]],\n",
       "\n",
       "       [[ 2.58015133e-02,  0.00000000e+00, -2.39355114e-09,\n",
       "         -7.87779371e-08],\n",
       "        [ 0.00000000e+00,  0.00000000e+00,  0.00000000e+00,\n",
       "          0.00000000e+00],\n",
       "        [-2.39355114e-09,  0.00000000e+00,  2.58015245e-02,\n",
       "         -5.22318144e-09],\n",
       "        [-7.87779371e-08,  0.00000000e+00, -5.22318144e-09,\n",
       "          2.41584476e-13]],\n",
       "\n",
       "       [[ 2.66912263e-02,  7.79030316e-08,  0.00000000e+00,\n",
       "          0.00000000e+00],\n",
       "        [ 7.79030316e-08,  2.27373675e-13, -4.64338295e-15,\n",
       "          0.00000000e+00],\n",
       "        [ 0.00000000e+00, -4.64338295e-15,  2.66912319e-02,\n",
       "          0.00000000e+00],\n",
       "        [ 0.00000000e+00,  0.00000000e+00,  0.00000000e+00,\n",
       "          0.00000000e+00]],\n",
       "\n",
       "       [[ 2.75809374e-02, -7.91907766e-08,  0.00000000e+00,\n",
       "         -5.88079185e-09],\n",
       "        [-7.91907766e-08,  2.27373675e-13, -9.44027622e-15,\n",
       "          1.68850055e-14],\n",
       "        [ 0.00000000e+00, -9.44027622e-15,  2.75809374e-02,\n",
       "          1.89040978e-08],\n",
       "        [-5.88079185e-09,  1.68850055e-14,  1.89040978e-08,\n",
       "          1.42108522e-14]],\n",
       "\n",
       "       [[ 2.84706391e-02,  8.04579017e-08,  0.00000000e+00,\n",
       "         -8.28213871e-08],\n",
       "        [ 8.04579017e-08,  2.27373675e-13, -9.59133014e-15,\n",
       "         -2.34052876e-13],\n",
       "        [ 0.00000000e+00, -9.59133014e-15,  2.84706447e-02,\n",
       "         -4.32253922e-09],\n",
       "        [-8.28213871e-08, -2.34052876e-13, -4.32253922e-09,\n",
       "          2.41584557e-13]],\n",
       "\n",
       "       [[ 2.93603484e-02,  1.63410775e-07,  2.55329335e-09,\n",
       "          5.89657967e-09],\n",
       "        [ 1.63410775e-07,  9.09494702e-13,  1.42108547e-14,\n",
       "          3.28185694e-14],\n",
       "        [ 2.55329335e-09,  1.42108547e-14,  2.93603484e-02,\n",
       "         -1.95567385e-08],\n",
       "        [ 5.89657967e-09,  3.28185694e-14, -1.95567385e-08,\n",
       "          1.42108547e-14]],\n",
       "\n",
       "       [[ 3.02500390e-02, -8.29340863e-08,  0.00000000e+00,\n",
       "          9.13084648e-08],\n",
       "        [-8.29340863e-08,  2.27373675e-13,  0.00000000e+00,\n",
       "         -2.50333039e-13],\n",
       "        [ 0.00000000e+00,  0.00000000e+00,  3.02500501e-02,\n",
       "         -1.61351483e-08],\n",
       "        [ 9.13084648e-08, -2.50333039e-13, -1.61351483e-08,\n",
       "          2.84217121e-13]],\n",
       "\n",
       "       [[ 3.11397500e-02,  0.00000000e+00, -2.62952726e-09,\n",
       "         -9.25764212e-08],\n",
       "        [ 0.00000000e+00,  0.00000000e+00,  0.00000000e+00,\n",
       "          0.00000000e+00],\n",
       "        [-2.62952726e-09,  0.00000000e+00,  3.11397668e-02,\n",
       "          1.67348801e-08],\n",
       "        [-9.25764212e-08,  0.00000000e+00,  1.67348801e-08,\n",
       "          2.84217121e-13]],\n",
       "\n",
       "       [[ 3.20294574e-02,  0.00000000e+00,  0.00000000e+00,\n",
       "          0.00000000e+00],\n",
       "        [ 0.00000000e+00,  0.00000000e+00,  0.00000000e+00,\n",
       "          0.00000000e+00],\n",
       "        [ 0.00000000e+00,  0.00000000e+00,  3.20294686e-02,\n",
       "          0.00000000e+00],\n",
       "        [ 0.00000000e+00,  0.00000000e+00,  0.00000000e+00,\n",
       "          0.00000000e+00]],\n",
       "\n",
       "       [[ 3.29191647e-02, -8.65156125e-08,  2.70361289e-09,\n",
       "          0.00000000e+00],\n",
       "        [-8.65156125e-08,  2.27373675e-13, -2.25756236e-14,\n",
       "          0.00000000e+00],\n",
       "        [ 2.70361289e-09, -2.25756236e-14,  3.29191647e-02,\n",
       "          0.00000000e+00],\n",
       "        [ 0.00000000e+00,  0.00000000e+00,  0.00000000e+00,\n",
       "          0.00000000e+00]],\n",
       "\n",
       "       [[ 3.38088833e-02,  0.00000000e+00,  1.09596208e-08,\n",
       "          9.62666888e-08],\n",
       "        [ 0.00000000e+00,  0.00000000e+00,  0.00000000e+00,\n",
       "          0.00000000e+00],\n",
       "        [ 1.09596208e-08,  0.00000000e+00,  3.38088721e-02,\n",
       "         -1.84874267e-08],\n",
       "        [ 9.62666888e-08,  0.00000000e+00, -1.84874267e-08,\n",
       "          2.84217067e-13]],\n",
       "\n",
       "       [[ 3.46985757e-02,  1.77646186e-07,  5.55144375e-09,\n",
       "         -9.15268288e-08],\n",
       "        [ 1.77646186e-07,  9.09494485e-13,  4.95987799e-14,\n",
       "         -4.68589577e-13],\n",
       "        [ 5.55144375e-09,  4.95987799e-14,  3.46985720e-02,\n",
       "         -2.34097630e-09],\n",
       "        [-9.15268288e-08, -4.68589577e-13, -2.34097630e-09,\n",
       "          2.41584584e-13]],\n",
       "\n",
       "       [[ 3.55883054e-02,  8.99546677e-08,  1.40554182e-08,\n",
       "          9.86400863e-08],\n",
       "        [ 8.99546677e-08,  2.27373648e-13,  4.08888486e-14,\n",
       "          2.49327306e-13],\n",
       "        [ 1.40554182e-08,  4.08888486e-14,  3.55882756e-02,\n",
       "         -1.96197281e-08],\n",
       "        [ 9.86400863e-08,  2.49327306e-13, -1.96197281e-08,\n",
       "          2.84217040e-13]],\n",
       "\n",
       "       [[ 3.64779830e-02,  9.10721312e-08,  2.84600410e-09,\n",
       "          9.38577074e-08],\n",
       "        [ 9.10721312e-08,  2.27373675e-13,  7.10542736e-15,\n",
       "          2.34328236e-13],\n",
       "        [ 2.84600410e-09,  7.10542736e-15,  3.64779942e-02,\n",
       "          1.80230275e-09],\n",
       "        [ 9.38577074e-08,  2.34328236e-13,  1.80230275e-09,\n",
       "          2.41584557e-13]],\n",
       "\n",
       "       [[ 3.73677053e-02, -9.21761085e-08,  2.88050295e-09,\n",
       "          9.50005159e-08],\n",
       "        [-9.21761085e-08,  2.27373730e-13, -1.61130485e-15,\n",
       "         -2.34340786e-13],\n",
       "        [ 2.88050295e-09, -1.61130485e-15,  3.73677053e-02,\n",
       "          1.53713120e-09],\n",
       "        [ 9.50005159e-08, -2.34340786e-13,  1.53713120e-09,\n",
       "          2.41584557e-13]],\n",
       "\n",
       "       [[ 3.82574126e-02, -9.32669622e-08,  2.91459301e-09,\n",
       "         -9.61289217e-08],\n",
       "        [-9.32669622e-08,  2.27373594e-13, -2.37828606e-14,\n",
       "          2.34350706e-13],\n",
       "        [ 2.91459301e-09, -2.37828606e-14,  3.82574126e-02,\n",
       "         -1.27467481e-09],\n",
       "        [-9.61289217e-08,  2.34350706e-13, -1.27467481e-09,\n",
       "          2.41584422e-13]],\n",
       "\n",
       "       [[ 3.91471237e-02,  1.88690478e-07,  8.84486706e-09,\n",
       "          5.95897820e-09],\n",
       "        [ 1.88690478e-07,  9.09494593e-13,  5.38793863e-14,\n",
       "          2.87224705e-14],\n",
       "        [ 8.84486706e-09,  5.38793863e-14,  3.91471051e-02,\n",
       "         -2.28211370e-08],\n",
       "        [ 5.95897820e-09,  2.87224705e-14, -2.28211370e-08,\n",
       "          1.42108522e-14]],\n",
       "\n",
       "       [[ 4.00368161e-02,  0.00000000e+00,  2.98160341e-09,\n",
       "          0.00000000e+00],\n",
       "        [ 0.00000000e+00,  0.00000000e+00,  0.00000000e+00,\n",
       "          0.00000000e+00],\n",
       "        [ 2.98160341e-09,  0.00000000e+00,  4.00368273e-02,\n",
       "          0.00000000e+00],\n",
       "        [ 0.00000000e+00,  0.00000000e+00,  0.00000000e+00,\n",
       "          0.00000000e+00]],\n",
       "\n",
       "       [[ 4.09265235e-02,  0.00000000e+00,  0.00000000e+00,\n",
       "          0.00000000e+00],\n",
       "        [ 0.00000000e+00,  0.00000000e+00,  0.00000000e+00,\n",
       "          0.00000000e+00],\n",
       "        [ 0.00000000e+00,  0.00000000e+00,  4.09265235e-02,\n",
       "          0.00000000e+00],\n",
       "        [ 0.00000000e+00,  0.00000000e+00,  0.00000000e+00,\n",
       "          0.00000000e+00]],\n",
       "\n",
       "       [[ 4.18162346e-02,  0.00000000e+00,  0.00000000e+00,\n",
       "          0.00000000e+00],\n",
       "        [ 0.00000000e+00,  0.00000000e+00,  0.00000000e+00,\n",
       "          0.00000000e+00],\n",
       "        [ 0.00000000e+00,  0.00000000e+00,  4.18162234e-02,\n",
       "          0.00000000e+00],\n",
       "        [ 0.00000000e+00,  0.00000000e+00,  0.00000000e+00,\n",
       "          0.00000000e+00]],\n",
       "\n",
       "       [[ 4.27059419e-02,  0.00000000e+00,  3.07938697e-09,\n",
       "          0.00000000e+00],\n",
       "        [ 0.00000000e+00,  0.00000000e+00,  0.00000000e+00,\n",
       "          0.00000000e+00],\n",
       "        [ 3.07938697e-09,  0.00000000e+00,  4.27059345e-02,\n",
       "          0.00000000e+00],\n",
       "        [ 0.00000000e+00,  0.00000000e+00,  0.00000000e+00,\n",
       "          0.00000000e+00]],\n",
       "\n",
       "       [[ 4.35956493e-02, -9.95615466e-08,  6.22259710e-09,\n",
       "          0.00000000e+00],\n",
       "        [-9.95615466e-08,  2.27373648e-13, -1.42108539e-14,\n",
       "          0.00000000e+00],\n",
       "        [ 6.22259710e-09, -1.42108539e-14,  4.35956307e-02,\n",
       "          0.00000000e+00],\n",
       "        [ 0.00000000e+00,  0.00000000e+00,  0.00000000e+00,\n",
       "          0.00000000e+00]],\n",
       "\n",
       "       [[ 4.44853455e-02,  0.00000000e+00,  0.00000000e+00,\n",
       "         -1.03666423e-07],\n",
       "        [ 0.00000000e+00,  0.00000000e+00,  0.00000000e+00,\n",
       "          0.00000000e+00],\n",
       "        [ 0.00000000e+00,  0.00000000e+00,  4.44853380e-02,\n",
       "          4.93389773e-10],\n",
       "        [-1.03666423e-07,  0.00000000e+00,  4.93389773e-10,\n",
       "          2.41584530e-13]]], dtype=float32)"
      ]
     },
     "execution_count": 22,
     "metadata": {},
     "output_type": "execute_result"
    }
   ],
   "execution_count": 22
  },
  {
   "metadata": {
    "ExecuteTime": {
     "end_time": "2024-09-17T13:57:02.520120Z",
     "start_time": "2024-09-17T13:57:02.180220Z"
    }
   },
   "cell_type": "code",
   "source": [
    "t = np.linspace(0,T, N+1)\n",
    "# Select the coordinate, initialisation to (0, 0)\n",
    "idx = 0\n",
    "x_mean = insert(mean[:,idx*2], 0, 0., axis=0)\n",
    "x_std = insert(np.sqrt(var[:,idx*2,idx*2]), 0, 0, 0)\n",
    "plt.errorbar(x=t, y=x_mean, yerr=x_std)\n",
    "fine = fine_em[::N][:,idx]\n",
    "\n",
    "plt.plot(t, fine)\n",
    "np.savetxt(f'{prefix}_UC_{idx}_{N}_{fineN}.csv', np.array([t, x_mean, x_std]).T, delimiter=',', header='t,mean,error', comments=\"\")\n",
    "np.savetxt(f'{prefix}_fine_{idx}_{N}_{fineN}.csv', np.array([t, fine]).T, delimiter=',', header='t,mean', comments=\"\")"
   ],
   "id": "4025e4c2aae20536",
   "outputs": [
    {
     "data": {
      "text/plain": [
       "<Figure size 640x480 with 1 Axes>"
      ],
